<?xml version="1.0" encoding="UTF-8"?>
<!DOCTYPE svg PUBLIC "-//W3C//DTD SVG 1.1//EN" "http://www.w3.org/Graphics/SVG/1.1/DTD/svg11.dtd">
<!-- Creator: CorelDRAW X5 -->
<svg xmlns="http://www.w3.org/2000/svg" xml:space="preserve" width="118mm" height="64.61mm" shape-rendering="geometricPrecision" text-rendering="geometricPrecision" image-rendering="optimizeQuality" fill-rule="evenodd" clip-rule="evenodd"
viewBox="0 0 11800 6461"
 xmlns:xlink="http://www.w3.org/1999/xlink">
 <g id="Layer_x0020_1">
  <metadata id="CorelCorpID_0Corel-Layer"/>
  <path id="A" fill="#ffffff" d="M11805 0l0 6465 -11805 0 0 -6465 11805 0zm0 6465l0 -6465 1 0 0 6465 -1 0z">
   <metadata id="CorelCorpID_1">
    <odm name="FillColor" value="A" type="0"/>
   </metadata>
  </path>
  <path id="B" fill="#000000" d="M11474 0c18,113 42,223 70,321 92,319 189,596 261,802l0 -1123 1 0 0 1127 -1 -3 0 -1123 -331 0zm332 1994l-1 -3 0 891 1 3 0 -892zm-1 -3c-37,-90 -76,-184 -115,-284 -223,-569 -496,-1240 -681,-1707l-271 0c338,862 884,2358 1067,2882l0 -891zm-2393 -1991c34,438 93,1085 246,1517 222,629 574,1208 671,1351 97,143 628,607 765,962 136,355 125,797 -17,1121 -142,324 -347,747 -347,984 0,83 -26,286 -59,531l239 0c46,-149 204,-280 244,-584 40,-305 23,-411 114,-660 91,-249 296,-591 296,-1002 0,-411 -549,-943 -549,-943 0,0 -768,-1052 -802,-1301 -34,-249 -68,-542 -142,-722 -74,-181 -299,-408 -333,-707 -12,-108 -31,-314 -53,-546l-273 0zm-6664 6465c-44,-397 -100,-376 -38,-629 80,-324 304,-377 293,-1447 -11,-1071 171,-2303 296,-2664 125,-361 540,-703 711,-1500 16,-76 32,-151 48,-224l-561 0c-7,12 -15,23 -22,34 -176,268 -569,872 -586,1114 -17,243 23,1077 23,1077 0,0 -225,2194 -441,2767 -204,540 -238,1056 -260,1473l537 0zm-800 -6465c-4,6 -7,12 -11,19 -159,274 -714,1964 -782,2151 -68,187 -1038,1734 -947,1914 91,181 608,-952 859,-1301 250,-349 626,-722 756,-1046 131,-324 509,-1591 674,-1690 21,-13 47,-28 78,-47l-627 0zm-1509 6465c11,-327 188,-962 229,-1018 46,-62 361,-551 589,-825 227,-274 719,-1273 833,-1715 114,-442 364,-1226 387,-1525 23,-299 -557,523 -768,853 -210,330 -483,1102 -625,1507 -142,405 -836,1189 -989,1326 -38,34 -69,74 -95,118l0 1281 440 0zm8883 0c8,-15 18,-31 28,-46 125,-187 301,-1114 375,-1121 74,-6 205,554 17,847 -49,76 -87,190 -117,320l-303 0zm684 0c32,-123 -40,-645 22,-726 63,-81 188,-218 188,-386 0,-168 26,-271 -208,-545 -233,-274 -353,-504 -415,-641 -63,-137 -455,-436 -535,-753 -80,-318 -299,-1130 -372,-1323 -74,-193 -250,-560 -131,-454 119,106 398,529 523,909 125,380 324,548 426,797 102,249 267,635 432,859 165,224 489,535 540,666 51,131 111,327 26,482 -72,131 -252,767 -307,1115l-189 0zm1358 -3384c0,0 -455,-735 -557,-1338 -97,-573 -179,-1308 -362,-1743l-582 0c6,151 21,283 51,349 85,187 341,268 449,672 108,405 119,909 227,1133 108,224 506,828 580,928 74,100 262,149 193,0zm-483 1407c0,0 -535,-479 -574,-679 -40,-199 -68,-573 -176,-747 -108,-174 -574,-610 -620,-753 -45,-143 -279,-1401 -517,-1774 -239,-374 -74,959 17,1220 91,261 341,548 398,772 57,224 489,971 563,1145 74,174 537,924 719,1030 182,106 262,-62 190,-215zm-2132 -1071c0,0 483,641 608,965 125,324 239,759 114,1058 -108,258 -369,785 -449,1025l-227 0c3,-22 6,-39 9,-52 40,-162 324,-529 358,-654 34,-125 31,-794 -14,-1049 -45,-255 -444,-934 -483,-1071 -40,-137 -40,-355 84,-223zm-660 3048c-16,-306 -36,-582 -12,-693 45,-212 344,-769 463,-825 119,-56 0,330 -17,548 -9,121 -24,555 -37,970l-397 0zm-800 0c0,-48 7,-96 28,-161 68,-205 799,-1634 913,-2288 114,-654 37,-1074 20,-1479 -17,-405 -108,-984 -45,-1145 63,-162 651,-1018 753,-1242 21,-47 44,-98 64,-151l-236 0c-86,180 -173,354 -237,412 -159,143 -512,802 -569,884 -57,82 -28,154 -122,142 -94,-12 -31,-621 105,-826 120,-180 367,-404 479,-612l-579 0c-141,448 -311,1171 -298,1346 17,218 131,1189 131,1419 0,230 -128,1622 -230,1958 -102,336 -563,846 -643,1096 -45,141 -62,407 -69,646l536 0zm-1539 0c92,-816 66,-1728 178,-2039 48,-171 591,-763 756,-1422 165,-660 680,-2524 702,-2748 23,-224 -85,-174 -165,25 -80,199 -1257,3349 -1410,3586 -154,237 -281,495 -321,794 -40,299 6,1258 -6,1451 -3,48 -40,179 -95,355l360 0zm460 0c34,-179 67,-346 90,-452 74,-336 338,-644 600,-1161 262,-517 378,-831 441,-1335 63,-504 -74,-1239 -23,-1606 51,-367 171,-685 74,-641 -97,44 -313,660 -313,859 0,199 80,1183 -17,1482 -97,299 -671,1052 -756,1407 -54,225 -231,912 -353,1448l257 0zm-55 -6465c12,40 20,79 26,118 53,383 -140,2519 -344,2935 -171,349 -358,604 -370,479 -51,-555 662,-2199 304,-3483 -4,-16 -10,-33 -15,-50l399 0zm833 261c0,0 -15,-107 -51,-261l-98 0c93,203 52,337 149,261zm-1688 -261c27,121 47,238 54,338 34,442 -222,1836 -245,2067 -23,230 -196,2126 -321,2487 -76,220 -100,957 -122,1574l-554 0c159,-285 169,-290 158,-597 -11,-317 -139,-900 -82,-1379 57,-479 205,-977 262,-1189 57,-212 458,-1746 509,-2008 51,-261 179,-912 168,-1229 -1,-20 -2,-42 -4,-64l177 0zm-515 0c-124,717 -765,2483 -772,2498 -165,349 -205,436 -205,436 0,0 -65,1310 -20,1721 16,143 -113,1176 -199,1810l-297 0c3,-12 7,-26 10,-39 57,-243 85,-529 125,-772 40,-243 40,-759 57,-803 17,-44 -128,-1354 -65,-1759 63,-405 77,-837 378,-1528 301,-691 535,-1170 574,-1413 9,-55 22,-104 36,-151l378 0zm-2120 1956c0,0 -45,1295 -335,2029 -290,735 -680,1354 -731,1703 -24,165 -34,470 -55,777l-704 0c2,-288 9,-562 40,-699 63,-274 370,-374 472,-517 102,-143 628,-744 788,-1404 159,-660 290,-1513 358,-1768 68,-255 168,-121 168,-121zm9046 4509c12,-29 23,-56 32,-80 17,-41 37,-82 61,-124l0 -1928c-143,302 -261,661 -234,816 51,293 222,367 114,623 -67,158 -290,425 -468,693l496 0zm93 -203l1 -2 0 -1929 -1 3 0 1928zm-10321 -6262c-204,332 -406,704 -471,871 -108,280 -77,837 -372,1292 -296,454 -523,629 -569,859 -37,187 1,387 -72,616l0 -1612c170,-364 445,-964 530,-1196 64,-175 87,-465 84,-831l351 0c4,9 10,15 17,18 7,3 15,-4 25,-18l477 0zm-1112 0c-60,351 -143,755 -231,921 -31,58 -80,141 -140,238l0 -758c45,-136 87,-275 125,-401l246 0z">
   <metadata id="CorelCorpID_2">
    <odm name="FillColor" value="B" type="0"/>
   </metadata>
  </path>
 </g>
</svg>
